table_size
39,81
70
1.79769e+308,1.79769e+308,1.79769e+308,1.79769e+308,1.79769e+308,1.79769e+308,1.79769e+308,1.79769e+308,1.79769e+308,1.79769e+308,12,11,10,9,1.79769e+308,7,1.79769e+308,1.79769e+308,1.79769e+308,11,10,9,8,7,6,5,1.79769e+308,1.79769e+308,10,1.79769e+308,8,7,1.79769e+308,5,4,1.79769e+308,1.79769e+308,9,8,7,6,5,4,3,1.79769e+308,1.79769e+308,10,1.79769e+308,1.79769e+308,1.79769e+308,4,3,2,1.79769e+308,1.79769e+308,9,1.79769e+308,5,4,3,2,1,1.79769e+308,1.79769e+308,8,7,6,1.79769e+308,1.79769e+308,1,0,1.79769e+308,1.79769e+308,1.79769e+308,1.79769e+308,1.79769e+308,1.79769e+308,1.79769e+308,1.79769e+308,1.79769e+308,1.79769e+308,
69
1.79769e+308,1.79769e+308,1.79769e+308,1.79769e+308,1.79769e+308,1.79769e+308,1.79769e+308,1.79769e+308,1.79769e+308,1.79769e+308,11,10,9,8,1.79769e+308,6,1.79769e+308,1.79769e+308,1.79769e+308,10,9,8,7,6,5,6,1.79769e+308,1.79769e+308,9,1.79769e+308,7,6,1.79769e+308,4,5,1.79769e+308,1.79769e+308,8,7,6,5,4,3,4,1.79769e+308,1.79769e+308,9,1.79769e+308,1.79769e+308,1.79769e+308,3,2,3,1.79769e+308,1.79769e+308,8,1.79769e+308,4,3,2,1,2,1.79769e+308,1.79769e+308,7,6,5,1.79769e+308,1.79769e+308,0,1,1.79769e+308,1.79769e+308,1.79769e+308,1.79769e+308,1.79769e+308,1.79769e+308,1.79769e+308,1.79769e+308,1.79769e+308,1.79769e+308,
61
1.79769e+308,1.79769e+308,1.79769e+308,1.79769e+308,1.79769e+308,1.79769e+308,1.79769e+308,1.79769e+308,1.79769e+308,1.79769e+308,11,10,9,8,1.79769e+308,6,1.79769e+308,1.79769e+308,1.79769e+308,10,9,8,7,6,5,4,1.79769e+308,1.79769e+308,9,1.79769e+308,7,6,1.79769e+308,4,3,1.79769e+308,1.79769e+308,8,7,6,5,4,3,2,1.79769e+308,1.79769e+308,9,1.79769e+308,1.79769e+308,1.79769e+308,3,2,1,1.79769e+308,1.79769e+308,8,1.79769e+308,4,3,2,1,0,1.79769e+308,1.79769e+308,7,6,5,1.79769e+308,1.79769e+308,2,1,1.79769e+308,1.79769e+308,1.79769e+308,1.79769e+308,1.79769e+308,1.79769e+308,1.79769e+308,1.79769e+308,1.79769e+308,1.79769e+308,
60
1.79769e+308,1.79769e+308,1.79769e+308,1.79769e+308,1.79769e+308,1.79769e+308,1.79769e+308,1.79769e+308,1.79769e+308,1.79769e+308,10,9,8,7,1.79769e+308,5,1.79769e+308,1.79769e+308,1.79769e+308,9,8,7,6,5,4,5,1.79769e+308,1.79769e+308,8,1.79769e+308,6,5,1.79769e+308,3,4,1.79769e+308,1.79769e+308,7,6,5,4,3,2,3,1.79769e+308,1.79769e+308,8,1.79769e+308,1.79769e+308,1.79769e+308,2,1,2,1.79769e+308,1.79769e+308,7,1.79769e+308,3,2,1,0,1,1.79769e+308,1.79769e+308,6,5,4,1.79769e+308,1.79769e+308,1,2,1.79769e+308,1.79769e+308,1.79769e+308,1.79769e+308,1.79769e+308,1.79769e+308,1.79769e+308,1.79769e+308,1.79769e+308,1.79769e+308,
59
1.79769e+308,1.79769e+308,1.79769e+308,1.79769e+308,1.79769e+308,1.79769e+308,1.79769e+308,1.79769e+308,1.79769e+308,1.79769e+308,9,8,7,6,1.79769e+308,6,1.79769e+308,1.79769e+308,1.79769e+308,8,7,6,5,6,5,6,1.79769e+308,1.79769e+308,7,1.79769e+308,5,4,1.79769e+308,4,5,1.79769e+308,1.79769e+308,6,5,4,3,2,3,4,1.79769e+308,1.79769e+308,7,1.79769e+308,1.79769e+308,1.79769e+308,1,2,3,1.79769e+308,1.79769e+308,6,1.79769e+308,2,1,0,1,2,1.79769e+308,1.79769e+308,5,4,3,1.79769e+308,1.79769e+308,2,3,1.79769e+308,1.79769e+308,1.79769e+308,1.79769e+308,1.79769e+308,1.79769e+308,1.79769e+308,1.79769e+308,1.79769e+308,1.79769e+308,
58
1.79769e+308,1.79769e+308,1.79769e+308,1.79769e+308,1.79769e+308,1.79769e+308,1.79769e+308,1.79769e+308,1.79769e+308,1.79769e+308,10,9,8,7,1.79769e+308,7,1.79769e+308,1.79769e+308,1.79769e+308,9,8,7,6,7,6,7,1.79769e+308,1.79769e+308,8,1.79769e+308,6,5,1.79769e+308,5,6,1.79769e+308,1.79769e+308,7,6,5,4,3,4,5,1.79769e+308,1.79769e+308,6,1.79769e+308,1.79769e+308,1.79769e+308,2,3,4,1.79769e+308,1.79769e+308,5,1.79769e+308,1,0,1,2,3,1.79769e+308,1.79769e+308,4,3,2,1.79769e+308,1.79769e+308,3,4,1.79769e+308,1.79769e+308,1.79769e+308,1.79769e+308,1.79769e+308,1.79769e+308,1.79769e+308,1.79769e+308,1.79769e+308,1.79769e+308,
57
1.79769e+308,1.79769e+308,1.79769e+308,1.79769e+308,1.79769e+308,1.79769e+308,1.79769e+308,1.79769e+308,1.79769e+308,1.79769e+308,9,10,9,8,1.79769e+308,8,1.79769e+308,1.79769e+308,1.79769e+308,8,9,8,7,8,7,8,1.79769e+308,1.79769e+308,7,1.79769e+308,7,6,1.79769e+308,6,7,1.79769e+308,1.79769e+308,6,7,6,5,4,5,6,1.79769e+308,1.79769e+308,5,1.79769e+308,1.79769e+308,1.79769e+308,3,4,5,1.79769e+308,1.79769e+308,4,1.79769e+308,0,1,2,3,4,1.79769e+308,1.79769e+308,3,2,1,1.79769e+308,1.79769e+308,4,5,1.79769e+308,1.79769e+308,1.79769e+308,1.79769e+308,1.79769e+308,1.79769e+308,1.79769e+308,1.79769e+308,1.79769e+308,1.79769e+308,
55
1.79769e+308,1.79769e+308,1.79769e+308,1.79769e+308,1.79769e+308,1.79769e+308,1.79769e+308,1.79769e+308,1.79769e+308,1.79769e+308,5,6,7,8,1.79769e+308,10,1.79769e+308,1.79769e+308,1.79769e+308,4,5,6,7,8,9,10,1.79769e+308,1.79769e+308,3,1.79769e+308,5,6,1.79769e+308,8,9,1.79769e+308,1.79769e+308,2,3,4,5,6,7,8,1.79769e+308,1.79769e+308,1,1.79769e+308,1.79769e+308,1.79769e+308,7,8,9,1.79769e+308,1.79769e+308,0,1.79769e+308,4,5,6,7,8,1.79769e+308,1.79769e+308,1,2,3,1.79769e+308,1.79769e+308,8,9,1.79769e+308,1.79769e+308,1.79769e+308,1.79769e+308,1.79769e+308,1.79769e+308,1.79769e+308,1.79769e+308,1.79769e+308,1.79769e+308,
46
1.79769e+308,1.79769e+308,1.79769e+308,1.79769e+308,1.79769e+308,1.79769e+308,1.79769e+308,1.79769e+308,1.79769e+308,1.79769e+308,4,5,6,7,1.79769e+308,9,1.79769e+308,1.79769e+308,1.79769e+308,3,4,5,6,7,8,9,1.79769e+308,1.79769e+308,2,1.79769e+308,4,5,1.79769e+308,7,8,1.79769e+308,1.79769e+308,1,2,3,4,5,6,7,1.79769e+308,1.79769e+308,0,1.79769e+308,1.79769e+308,1.79769e+308,6,7,8,1.79769e+308,1.79769e+308,1,1.79769e+308,5,6,7,8,9,1.79769e+308,1.79769e+308,2,3,4,1.79769e+308,1.79769e+308,9,10,1.79769e+308,1.79769e+308,1.79769e+308,1.79769e+308,1.79769e+308,1.79769e+308,1.79769e+308,1.79769e+308,1.79769e+308,1.79769e+308,
43
1.79769e+308,1.79769e+308,1.79769e+308,1.79769e+308,1.79769e+308,1.79769e+308,1.79769e+308,1.79769e+308,1.79769e+308,1.79769e+308,9,8,7,6,1.79769e+308,4,1.79769e+308,1.79769e+308,1.79769e+308,8,7,6,5,4,3,2,1.79769e+308,1.79769e+308,7,1.79769e+308,5,4,1.79769e+308,2,1,1.79769e+308,1.79769e+308,6,5,4,3,2,1,0,1.79769e+308,1.79769e+308,7,1.79769e+308,1.79769e+308,1.79769e+308,3,2,1,1.79769e+308,1.79769e+308,8,1.79769e+308,6,5,4,3,2,1.79769e+308,1.79769e+308,9,8,7,1.79769e+308,1.79769e+308,4,3,1.79769e+308,1.79769e+308,1.79769e+308,1.79769e+308,1.79769e+308,1.79769e+308,1.79769e+308,1.79769e+308,1.79769e+308,1.79769e+308,
38
1.79769e+308,1.79769e+308,1.79769e+308,1.79769e+308,1.79769e+308,1.79769e+308,1.79769e+308,1.79769e+308,1.79769e+308,1.79769e+308,4,5,4,5,1.79769e+308,7,1.79769e+308,1.79769e+308,1.79769e+308,3,4,3,4,5,6,7,1.79769e+308,1.79769e+308,2,1.79769e+308,2,3,1.79769e+308,5,6,1.79769e+308,1.79769e+308,1,0,1,2,3,4,5,1.79769e+308,1.79769e+308,2,1.79769e+308,1.79769e+308,1.79769e+308,4,5,6,1.79769e+308,1.79769e+308,3,1.79769e+308,7,6,5,6,7,1.79769e+308,1.79769e+308,4,5,6,1.79769e+308,1.79769e+308,7,8,1.79769e+308,1.79769e+308,1.79769e+308,1.79769e+308,1.79769e+308,1.79769e+308,1.79769e+308,1.79769e+308,1.79769e+308,1.79769e+308,
37
1.79769e+308,1.79769e+308,1.79769e+308,1.79769e+308,1.79769e+308,1.79769e+308,1.79769e+308,1.79769e+308,1.79769e+308,1.79769e+308,3,4,5,6,1.79769e+308,8,1.79769e+308,1.79769e+308,1.79769e+308,2,3,4,5,6,7,8,1.79769e+308,1.79769e+308,1,1.79769e+308,3,4,1.79769e+308,6,7,1.79769e+308,1.79769e+308,0,1,2,3,4,5,6,1.79769e+308,1.79769e+308,1,1.79769e+308,1.79769e+308,1.79769e+308,5,6,7,1.79769e+308,1.79769e+308,2,1.79769e+308,6,7,6,7,8,1.79769e+308,1.79769e+308,3,4,5,1.79769e+308,1.79769e+308,8,9,1.79769e+308,1.79769e+308,1.79769e+308,1.79769e+308,1.79769e+308,1.79769e+308,1.79769e+308,1.79769e+308,1.79769e+308,1.79769e+308,
34
1.79769e+308,1.79769e+308,1.79769e+308,1.79769e+308,1.79769e+308,1.79769e+308,1.79769e+308,1.79769e+308,1.79769e+308,1.79769e+308,8,7,6,5,1.79769e+308,3,1.79769e+308,1.79769e+308,1.79769e+308,7,6,5,4,3,2,1,1.79769e+308,1.79769e+308,8,1.79769e+308,6,5,1.79769e+308,1,0,1.79769e+308,1.79769e+308,7,6,5,4,3,2,1,1.79769e+308,1.79769e+308,8,1.79769e+308,1.79769e+308,1.79769e+308,4,3,2,1.79769e+308,1.79769e+308,9,1.79769e+308,7,6,5,4,3,1.79769e+308,1.79769e+308,10,9,8,1.79769e+308,1.79769e+308,5,4,1.79769e+308,1.79769e+308,1.79769e+308,1.79769e+308,1.79769e+308,1.79769e+308,1.79769e+308,1.79769e+308,1.79769e+308,1.79769e+308,
33
1.79769e+308,1.79769e+308,1.79769e+308,1.79769e+308,1.79769e+308,1.79769e+308,1.79769e+308,1.79769e+308,1.79769e+308,1.79769e+308,7,6,5,4,1.79769e+308,2,1.79769e+308,1.79769e+308,1.79769e+308,6,5,4,3,2,1,2,1.79769e+308,1.79769e+308,7,1.79769e+308,5,4,1.79769e+308,0,1,1.79769e+308,1.79769e+308,6,5,4,3,2,1,2,1.79769e+308,1.79769e+308,7,1.79769e+308,1.79769e+308,1.79769e+308,3,2,3,1.79769e+308,1.79769e+308,8,1.79769e+308,6,5,4,3,4,1.79769e+308,1.79769e+308,9,8,7,1.79769e+308,1.79769e+308,4,5,1.79769e+308,1.79769e+308,1.79769e+308,1.79769e+308,1.79769e+308,1.79769e+308,1.79769e+308,1.79769e+308,1.79769e+308,1.79769e+308,
31
1.79769e+308,1.79769e+308,1.79769e+308,1.79769e+308,1.79769e+308,1.79769e+308,1.79769e+308,1.79769e+308,1.79769e+308,1.79769e+308,5,4,3,2,1.79769e+308,4,1.79769e+308,1.79769e+308,1.79769e+308,4,3,2,1,2,3,4,1.79769e+308,1.79769e+308,5,1.79769e+308,1,0,1.79769e+308,4,5,1.79769e+308,1.79769e+308,4,3,2,1,2,3,4,1.79769e+308,1.79769e+308,5,1.79769e+308,1.79769e+308,1.79769e+308,3,4,5,1.79769e+308,1.79769e+308,6,1.79769e+308,6,5,4,5,6,1.79769e+308,1.79769e+308,7,8,7,1.79769e+308,1.79769e+308,6,7,1.79769e+308,1.79769e+308,1.79769e+308,1.79769e+308,1.79769e+308,1.79769e+308,1.79769e+308,1.79769e+308,1.79769e+308,1.79769e+308,
25
1.79769e+308,1.79769e+308,1.79769e+308,1.79769e+308,1.79769e+308,1.79769e+308,1.79769e+308,1.79769e+308,1.79769e+308,1.79769e+308,7,6,5,4,1.79769e+308,2,1.79769e+308,1.79769e+308,1.79769e+308,6,5,4,3,2,1,0,1.79769e+308,1.79769e+308,7,1.79769e+308,5,4,1.79769e+308,2,1,1.79769e+308,1.79769e+308,8,7,6,5,4,3,2,1.79769e+308,1.79769e+308,9,1.79769e+308,1.79769e+308,1.79769e+308,5,4,3,1.79769e+308,1.79769e+308,10,1.79769e+308,8,7,6,5,4,1.79769e+308,1.79769e+308,11,10,9,1.79769e+308,1.79769e+308,6,5,1.79769e+308,1.79769e+308,1.79769e+308,1.79769e+308,1.79769e+308,1.79769e+308,1.79769e+308,1.79769e+308,1.79769e+308,1.79769e+308,
24
1.79769e+308,1.79769e+308,1.79769e+308,1.79769e+308,1.79769e+308,1.79769e+308,1.79769e+308,1.79769e+308,1.79769e+308,1.79769e+308,6,5,4,3,1.79769e+308,1,1.79769e+308,1.79769e+308,1.79769e+308,5,4,3,2,1,0,1,1.79769e+308,1.79769e+308,6,1.79769e+308,4,3,1.79769e+308,1,2,1.79769e+308,1.79769e+308,7,6,5,4,3,2,3,1.79769e+308,1.79769e+308,8,1.79769e+308,1.79769e+308,1.79769e+308,4,3,4,1.79769e+308,1.79769e+308,9,1.79769e+308,7,6,5,4,5,1.79769e+308,1.79769e+308,10,9,8,1.79769e+308,1.79769e+308,5,6,1.79769e+308,1.79769e+308,1.79769e+308,1.79769e+308,1.79769e+308,1.79769e+308,1.79769e+308,1.79769e+308,1.79769e+308,1.79769e+308,
52
1.79769e+308,1.79769e+308,1.79769e+308,1.79769e+308,1.79769e+308,1.79769e+308,1.79769e+308,1.79769e+308,1.79769e+308,1.79769e+308,10,9,8,7,1.79769e+308,5,1.79769e+308,1.79769e+308,1.79769e+308,9,8,7,6,5,4,3,1.79769e+308,1.79769e+308,8,1.79769e+308,6,5,1.79769e+308,3,2,1.79769e+308,1.79769e+308,7,6,5,4,3,2,1,1.79769e+308,1.79769e+308,8,1.79769e+308,1.79769e+308,1.79769e+308,2,1,0,1.79769e+308,1.79769e+308,9,1.79769e+308,5,4,3,2,1,1.79769e+308,1.79769e+308,8,7,6,1.79769e+308,1.79769e+308,3,2,1.79769e+308,1.79769e+308,1.79769e+308,1.79769e+308,1.79769e+308,1.79769e+308,1.79769e+308,1.79769e+308,1.79769e+308,1.79769e+308,
23
1.79769e+308,1.79769e+308,1.79769e+308,1.79769e+308,1.79769e+308,1.79769e+308,1.79769e+308,1.79769e+308,1.79769e+308,1.79769e+308,5,4,3,2,1.79769e+308,2,1.79769e+308,1.79769e+308,1.79769e+308,4,3,2,1,0,1,2,1.79769e+308,1.79769e+308,5,1.79769e+308,3,2,1.79769e+308,2,3,1.79769e+308,1.79769e+308,6,5,4,3,4,3,4,1.79769e+308,1.79769e+308,7,1.79769e+308,1.79769e+308,1.79769e+308,5,4,5,1.79769e+308,1.79769e+308,8,1.79769e+308,8,7,6,5,6,1.79769e+308,1.79769e+308,9,10,9,1.79769e+308,1.79769e+308,6,7,1.79769e+308,1.79769e+308,1.79769e+308,1.79769e+308,1.79769e+308,1.79769e+308,1.79769e+308,1.79769e+308,1.79769e+308,1.79769e+308,
51
1.79769e+308,1.79769e+308,1.79769e+308,1.79769e+308,1.79769e+308,1.79769e+308,1.79769e+308,1.79769e+308,1.79769e+308,1.79769e+308,9,8,7,6,1.79769e+308,4,1.79769e+308,1.79769e+308,1.79769e+308,8,7,6,5,4,3,4,1.79769e+308,1.79769e+308,7,1.79769e+308,5,4,1.79769e+308,2,3,1.79769e+308,1.79769e+308,6,5,4,3,2,1,2,1.79769e+308,1.79769e+308,7,1.79769e+308,1.79769e+308,1.79769e+308,1,0,1,1.79769e+308,1.79769e+308,8,1.79769e+308,4,3,2,1,2,1.79769e+308,1.79769e+308,7,6,5,1.79769e+308,1.79769e+308,2,3,1.79769e+308,1.79769e+308,1.79769e+308,1.79769e+308,1.79769e+308,1.79769e+308,1.79769e+308,1.79769e+308,1.79769e+308,1.79769e+308,
22
1.79769e+308,1.79769e+308,1.79769e+308,1.79769e+308,1.79769e+308,1.79769e+308,1.79769e+308,1.79769e+308,1.79769e+308,1.79769e+308,4,3,2,1,1.79769e+308,3,1.79769e+308,1.79769e+308,1.79769e+308,3,2,1,0,1,2,3,1.79769e+308,1.79769e+308,4,1.79769e+308,2,1,1.79769e+308,3,4,1.79769e+308,1.79769e+308,5,4,3,2,3,4,5,1.79769e+308,1.79769e+308,6,1.79769e+308,1.79769e+308,1.79769e+308,4,5,6,1.79769e+308,1.79769e+308,7,1.79769e+308,7,6,5,6,7,1.79769e+308,1.79769e+308,8,9,8,1.79769e+308,1.79769e+308,7,8,1.79769e+308,1.79769e+308,1.79769e+308,1.79769e+308,1.79769e+308,1.79769e+308,1.79769e+308,1.79769e+308,1.79769e+308,1.79769e+308,
50
1.79769e+308,1.79769e+308,1.79769e+308,1.79769e+308,1.79769e+308,1.79769e+308,1.79769e+308,1.79769e+308,1.79769e+308,1.79769e+308,8,7,6,5,1.79769e+308,5,1.79769e+308,1.79769e+308,1.79769e+308,7,6,5,4,5,4,5,1.79769e+308,1.79769e+308,6,1.79769e+308,4,3,1.79769e+308,3,4,1.79769e+308,1.79769e+308,5,4,3,2,1,2,3,1.79769e+308,1.79769e+308,6,1.79769e+308,1.79769e+308,1.79769e+308,0,1,2,1.79769e+308,1.79769e+308,7,1.79769e+308,3,2,1,2,3,1.79769e+308,1.79769e+308,6,5,4,1.79769e+308,1.79769e+308,3,4,1.79769e+308,1.79769e+308,1.79769e+308,1.79769e+308,1.79769e+308,1.79769e+308,1.79769e+308,1.79769e+308,1.79769e+308,1.79769e+308,
21
1.79769e+308,1.79769e+308,1.79769e+308,1.79769e+308,1.79769e+308,1.79769e+308,1.79769e+308,1.79769e+308,1.79769e+308,1.79769e+308,3,2,1,2,1.79769e+308,4,1.79769e+308,1.79769e+308,1.79769e+308,2,1,0,1,2,3,4,1.79769e+308,1.79769e+308,3,1.79769e+308,1,2,1.79769e+308,4,5,1.79769e+308,1.79769e+308,4,3,2,3,4,5,6,1.79769e+308,1.79769e+308,5,1.79769e+308,1.79769e+308,1.79769e+308,5,6,7,1.79769e+308,1.79769e+308,6,1.79769e+308,8,7,6,7,8,1.79769e+308,1.79769e+308,7,8,9,1.79769e+308,1.79769e+308,8,9,1.79769e+308,1.79769e+308,1.79769e+308,1.79769e+308,1.79769e+308,1.79769e+308,1.79769e+308,1.79769e+308,1.79769e+308,1.79769e+308,
20
1.79769e+308,1.79769e+308,1.79769e+308,1.79769e+308,1.79769e+308,1.79769e+308,1.79769e+308,1.79769e+308,1.79769e+308,1.79769e+308,2,1,2,3,1.79769e+308,5,1.79769e+308,1.79769e+308,1.79769e+308,1,0,1,2,3,4,5,1.79769e+308,1.79769e+308,2,1.79769e+308,2,3,1.79769e+308,5,6,1.79769e+308,1.79769e+308,3,4,3,4,5,6,7,1.79769e+308,1.79769e+308,4,1.79769e+308,1.79769e+308,1.79769e+308,6,7,8,1.79769e+308,1.79769e+308,5,1.79769e+308,9,8,7,8,9,1.79769e+308,1.79769e+308,6,7,8,1.79769e+308,1.79769e+308,9,10,1.79769e+308,1.79769e+308,1.79769e+308,1.79769e+308,1.79769e+308,1.79769e+308,1.79769e+308,1.79769e+308,1.79769e+308,1.79769e+308,
19
1.79769e+308,1.79769e+308,1.79769e+308,1.79769e+308,1.79769e+308,1.79769e+308,1.79769e+308,1.79769e+308,1.79769e+308,1.79769e+308,1,2,3,4,1.79769e+308,6,1.79769e+308,1.79769e+308,1.79769e+308,0,1,2,3,4,5,6,1.79769e+308,1.79769e+308,1,1.79769e+308,3,4,1.79769e+308,6,7,1.79769e+308,1.79769e+308,2,3,4,5,6,7,8,1.79769e+308,1.79769e+308,3,1.79769e+308,1.79769e+308,1.79769e+308,7,8,9,1.79769e+308,1.79769e+308,4,1.79769e+308,8,9,8,9,10,1.79769e+308,1.79769e+308,5,6,7,1.79769e+308,1.79769e+308,10,11,1.79769e+308,1.79769e+308,1.79769e+308,1.79769e+308,1.79769e+308,1.79769e+308,1.79769e+308,1.79769e+308,1.79769e+308,1.79769e+308,
15
1.79769e+308,1.79769e+308,1.79769e+308,1.79769e+308,1.79769e+308,1.79769e+308,1.79769e+308,1.79769e+308,1.79769e+308,1.79769e+308,7,6,5,4,1.79769e+308,0,1.79769e+308,1.79769e+308,1.79769e+308,6,5,4,3,2,1,2,1.79769e+308,1.79769e+308,7,1.79769e+308,5,4,1.79769e+308,2,3,1.79769e+308,1.79769e+308,8,7,6,5,4,3,4,1.79769e+308,1.79769e+308,9,1.79769e+308,1.79769e+308,1.79769e+308,5,4,5,1.79769e+308,1.79769e+308,10,1.79769e+308,8,7,6,5,6,1.79769e+308,1.79769e+308,11,10,9,1.79769e+308,1.79769e+308,6,7,1.79769e+308,1.79769e+308,1.79769e+308,1.79769e+308,1.79769e+308,1.79769e+308,1.79769e+308,1.79769e+308,1.79769e+308,1.79769e+308,
30
1.79769e+308,1.79769e+308,1.79769e+308,1.79769e+308,1.79769e+308,1.79769e+308,1.79769e+308,1.79769e+308,1.79769e+308,1.79769e+308,4,3,2,3,1.79769e+308,5,1.79769e+308,1.79769e+308,1.79769e+308,3,2,1,2,3,4,5,1.79769e+308,1.79769e+308,4,1.79769e+308,0,1,1.79769e+308,5,6,1.79769e+308,1.79769e+308,3,2,1,2,3,4,5,1.79769e+308,1.79769e+308,4,1.79769e+308,1.79769e+308,1.79769e+308,4,5,6,1.79769e+308,1.79769e+308,5,1.79769e+308,7,6,5,6,7,1.79769e+308,1.79769e+308,6,7,8,1.79769e+308,1.79769e+308,7,8,1.79769e+308,1.79769e+308,1.79769e+308,1.79769e+308,1.79769e+308,1.79769e+308,1.79769e+308,1.79769e+308,1.79769e+308,1.79769e+308,
42
1.79769e+308,1.79769e+308,1.79769e+308,1.79769e+308,1.79769e+308,1.79769e+308,1.79769e+308,1.79769e+308,1.79769e+308,1.79769e+308,8,7,6,5,1.79769e+308,3,1.79769e+308,1.79769e+308,1.79769e+308,7,6,5,4,3,2,3,1.79769e+308,1.79769e+308,6,1.79769e+308,4,3,1.79769e+308,1,2,1.79769e+308,1.79769e+308,5,4,3,2,1,0,1,1.79769e+308,1.79769e+308,6,1.79769e+308,1.79769e+308,1.79769e+308,2,1,2,1.79769e+308,1.79769e+308,7,1.79769e+308,5,4,3,2,3,1.79769e+308,1.79769e+308,8,7,6,1.79769e+308,1.79769e+308,3,4,1.79769e+308,1.79769e+308,1.79769e+308,1.79769e+308,1.79769e+308,1.79769e+308,1.79769e+308,1.79769e+308,1.79769e+308,1.79769e+308,
66
1.79769e+308,1.79769e+308,1.79769e+308,1.79769e+308,1.79769e+308,1.79769e+308,1.79769e+308,1.79769e+308,1.79769e+308,1.79769e+308,8,9,10,9,1.79769e+308,9,1.79769e+308,1.79769e+308,1.79769e+308,7,8,9,8,9,8,9,1.79769e+308,1.79769e+308,6,1.79769e+308,8,7,1.79769e+308,7,8,1.79769e+308,1.79769e+308,5,6,7,6,5,6,7,1.79769e+308,1.79769e+308,4,1.79769e+308,1.79769e+308,1.79769e+308,4,5,6,1.79769e+308,1.79769e+308,3,1.79769e+308,1,2,3,4,5,1.79769e+308,1.79769e+308,2,1,0,1.79769e+308,1.79769e+308,5,6,1.79769e+308,1.79769e+308,1.79769e+308,1.79769e+308,1.79769e+308,1.79769e+308,1.79769e+308,1.79769e+308,1.79769e+308,1.79769e+308,
13
1.79769e+308,1.79769e+308,1.79769e+308,1.79769e+308,1.79769e+308,1.79769e+308,1.79769e+308,1.79769e+308,1.79769e+308,1.79769e+308,3,2,1,0,1.79769e+308,4,1.79769e+308,1.79769e+308,1.79769e+308,4,3,2,1,2,3,4,1.79769e+308,1.79769e+308,5,1.79769e+308,3,2,1.79769e+308,4,5,1.79769e+308,1.79769e+308,6,5,4,3,4,5,6,1.79769e+308,1.79769e+308,7,1.79769e+308,1.79769e+308,1.79769e+308,5,6,7,1.79769e+308,1.79769e+308,8,1.79769e+308,8,7,6,7,8,1.79769e+308,1.79769e+308,9,10,9,1.79769e+308,1.79769e+308,8,9,1.79769e+308,1.79769e+308,1.79769e+308,1.79769e+308,1.79769e+308,1.79769e+308,1.79769e+308,1.79769e+308,1.79769e+308,1.79769e+308,
41
1.79769e+308,1.79769e+308,1.79769e+308,1.79769e+308,1.79769e+308,1.79769e+308,1.79769e+308,1.79769e+308,1.79769e+308,1.79769e+308,7,6,5,4,1.79769e+308,4,1.79769e+308,1.79769e+308,1.79769e+308,6,5,4,3,4,3,4,1.79769e+308,1.79769e+308,5,1.79769e+308,3,2,1.79769e+308,2,3,1.79769e+308,1.79769e+308,4,3,2,1,0,1,2,1.79769e+308,1.79769e+308,5,1.79769e+308,1.79769e+308,1.79769e+308,1,2,3,1.79769e+308,1.79769e+308,6,1.79769e+308,4,3,2,3,4,1.79769e+308,1.79769e+308,7,6,5,1.79769e+308,1.79769e+308,4,5,1.79769e+308,1.79769e+308,1.79769e+308,1.79769e+308,1.79769e+308,1.79769e+308,1.79769e+308,1.79769e+308,1.79769e+308,1.79769e+308,
65
1.79769e+308,1.79769e+308,1.79769e+308,1.79769e+308,1.79769e+308,1.79769e+308,1.79769e+308,1.79769e+308,1.79769e+308,1.79769e+308,7,8,9,10,1.79769e+308,10,1.79769e+308,1.79769e+308,1.79769e+308,6,7,8,9,10,9,10,1.79769e+308,1.79769e+308,5,1.79769e+308,7,8,1.79769e+308,8,9,1.79769e+308,1.79769e+308,4,5,6,7,6,7,8,1.79769e+308,1.79769e+308,3,1.79769e+308,1.79769e+308,1.79769e+308,5,6,7,1.79769e+308,1.79769e+308,2,1.79769e+308,2,3,4,5,6,1.79769e+308,1.79769e+308,1,0,1,1.79769e+308,1.79769e+308,6,7,1.79769e+308,1.79769e+308,1.79769e+308,1.79769e+308,1.79769e+308,1.79769e+308,1.79769e+308,1.79769e+308,1.79769e+308,1.79769e+308,
12
1.79769e+308,1.79769e+308,1.79769e+308,1.79769e+308,1.79769e+308,1.79769e+308,1.79769e+308,1.79769e+308,1.79769e+308,1.79769e+308,2,1,0,1,1.79769e+308,5,1.79769e+308,1.79769e+308,1.79769e+308,3,2,1,2,3,4,5,1.79769e+308,1.79769e+308,4,1.79769e+308,2,3,1.79769e+308,5,6,1.79769e+308,1.79769e+308,5,4,3,4,5,6,7,1.79769e+308,1.79769e+308,6,1.79769e+308,1.79769e+308,1.79769e+308,6,7,8,1.79769e+308,1.79769e+308,7,1.79769e+308,9,8,7,8,9,1.79769e+308,1.79769e+308,8,9,10,1.79769e+308,1.79769e+308,9,10,1.79769e+308,1.79769e+308,1.79769e+308,1.79769e+308,1.79769e+308,1.79769e+308,1.79769e+308,1.79769e+308,1.79769e+308,1.79769e+308,
28
1.79769e+308,1.79769e+308,1.79769e+308,1.79769e+308,1.79769e+308,1.79769e+308,1.79769e+308,1.79769e+308,1.79769e+308,1.79769e+308,2,3,4,5,1.79769e+308,7,1.79769e+308,1.79769e+308,1.79769e+308,1,2,3,4,5,6,7,1.79769e+308,1.79769e+308,0,1.79769e+308,4,5,1.79769e+308,7,8,1.79769e+308,1.79769e+308,1,2,3,4,5,6,7,1.79769e+308,1.79769e+308,2,1.79769e+308,1.79769e+308,1.79769e+308,6,7,8,1.79769e+308,1.79769e+308,3,1.79769e+308,7,8,7,8,9,1.79769e+308,1.79769e+308,4,5,6,1.79769e+308,1.79769e+308,9,10,1.79769e+308,1.79769e+308,1.79769e+308,1.79769e+308,1.79769e+308,1.79769e+308,1.79769e+308,1.79769e+308,1.79769e+308,1.79769e+308,
40
1.79769e+308,1.79769e+308,1.79769e+308,1.79769e+308,1.79769e+308,1.79769e+308,1.79769e+308,1.79769e+308,1.79769e+308,1.79769e+308,6,5,4,3,1.79769e+308,5,1.79769e+308,1.79769e+308,1.79769e+308,5,4,3,2,3,4,5,1.79769e+308,1.79769e+308,4,1.79769e+308,2,1,1.79769e+308,3,4,1.79769e+308,1.79769e+308,3,2,1,0,1,2,3,1.79769e+308,1.79769e+308,4,1.79769e+308,1.79769e+308,1.79769e+308,2,3,4,1.79769e+308,1.79769e+308,5,1.79769e+308,5,4,3,4,5,1.79769e+308,1.79769e+308,6,7,6,1.79769e+308,1.79769e+308,5,6,1.79769e+308,1.79769e+308,1.79769e+308,1.79769e+308,1.79769e+308,1.79769e+308,1.79769e+308,1.79769e+308,1.79769e+308,1.79769e+308,
64
1.79769e+308,1.79769e+308,1.79769e+308,1.79769e+308,1.79769e+308,1.79769e+308,1.79769e+308,1.79769e+308,1.79769e+308,1.79769e+308,6,7,8,9,1.79769e+308,11,1.79769e+308,1.79769e+308,1.79769e+308,5,6,7,8,9,10,11,1.79769e+308,1.79769e+308,4,1.79769e+308,6,7,1.79769e+308,9,10,1.79769e+308,1.79769e+308,3,4,5,6,7,8,9,1.79769e+308,1.79769e+308,2,1.79769e+308,1.79769e+308,1.79769e+308,6,7,8,1.79769e+308,1.79769e+308,1,1.79769e+308,3,4,5,6,7,1.79769e+308,1.79769e+308,0,1,2,1.79769e+308,1.79769e+308,7,8,1.79769e+308,1.79769e+308,1.79769e+308,1.79769e+308,1.79769e+308,1.79769e+308,1.79769e+308,1.79769e+308,1.79769e+308,1.79769e+308,
11
1.79769e+308,1.79769e+308,1.79769e+308,1.79769e+308,1.79769e+308,1.79769e+308,1.79769e+308,1.79769e+308,1.79769e+308,1.79769e+308,1,0,1,2,1.79769e+308,6,1.79769e+308,1.79769e+308,1.79769e+308,2,1,2,3,4,5,6,1.79769e+308,1.79769e+308,3,1.79769e+308,3,4,1.79769e+308,6,7,1.79769e+308,1.79769e+308,4,5,4,5,6,7,8,1.79769e+308,1.79769e+308,5,1.79769e+308,1.79769e+308,1.79769e+308,7,8,9,1.79769e+308,1.79769e+308,6,1.79769e+308,10,9,8,9,10,1.79769e+308,1.79769e+308,7,8,9,1.79769e+308,1.79769e+308,10,11,1.79769e+308,1.79769e+308,1.79769e+308,1.79769e+308,1.79769e+308,1.79769e+308,1.79769e+308,1.79769e+308,1.79769e+308,1.79769e+308,
39
1.79769e+308,1.79769e+308,1.79769e+308,1.79769e+308,1.79769e+308,1.79769e+308,1.79769e+308,1.79769e+308,1.79769e+308,1.79769e+308,5,4,3,4,1.79769e+308,6,1.79769e+308,1.79769e+308,1.79769e+308,4,3,2,3,4,5,6,1.79769e+308,1.79769e+308,3,1.79769e+308,1,2,1.79769e+308,4,5,1.79769e+308,1.79769e+308,2,1,0,1,2,3,4,1.79769e+308,1.79769e+308,3,1.79769e+308,1.79769e+308,1.79769e+308,3,4,5,1.79769e+308,1.79769e+308,4,1.79769e+308,6,5,4,5,6,1.79769e+308,1.79769e+308,5,6,7,1.79769e+308,1.79769e+308,6,7,1.79769e+308,1.79769e+308,1.79769e+308,1.79769e+308,1.79769e+308,1.79769e+308,1.79769e+308,1.79769e+308,1.79769e+308,1.79769e+308,
10
1.79769e+308,1.79769e+308,1.79769e+308,1.79769e+308,1.79769e+308,1.79769e+308,1.79769e+308,1.79769e+308,1.79769e+308,1.79769e+308,0,1,2,3,1.79769e+308,7,1.79769e+308,1.79769e+308,1.79769e+308,1,2,3,4,5,6,7,1.79769e+308,1.79769e+308,2,1.79769e+308,4,5,1.79769e+308,7,8,1.79769e+308,1.79769e+308,3,4,5,6,7,8,9,1.79769e+308,1.79769e+308,4,1.79769e+308,1.79769e+308,1.79769e+308,8,9,10,1.79769e+308,1.79769e+308,5,1.79769e+308,9,10,9,10,11,1.79769e+308,1.79769e+308,6,7,8,1.79769e+308,1.79769e+308,11,12,1.79769e+308,1.79769e+308,1.79769e+308,1.79769e+308,1.79769e+308,1.79769e+308,1.79769e+308,1.79769e+308,1.79769e+308,1.79769e+308,
