table_size
17,49
39
1.79769e+308,1.79769e+308,1.79769e+308,1.79769e+308,1.79769e+308,1.79769e+308,1.79769e+308,1.79769e+308,7,6,1.79769e+308,6,5,1.79769e+308,1.79769e+308,1.79769e+308,5,4,5,4,1.79769e+308,1.79769e+308,1.79769e+308,1.79769e+308,3,1.79769e+308,3,1.79769e+308,1.79769e+308,4,3,2,1,2,1.79769e+308,1.79769e+308,5,1.79769e+308,1.79769e+308,0,1.79769e+308,1.79769e+308,1.79769e+308,1.79769e+308,1.79769e+308,1.79769e+308,1.79769e+308,1.79769e+308,1.79769e+308,
32
1.79769e+308,1.79769e+308,1.79769e+308,1.79769e+308,1.79769e+308,1.79769e+308,1.79769e+308,1.79769e+308,6,5,1.79769e+308,5,4,1.79769e+308,1.79769e+308,1.79769e+308,4,3,4,3,1.79769e+308,1.79769e+308,1.79769e+308,1.79769e+308,2,1.79769e+308,2,1.79769e+308,1.79769e+308,3,2,1,0,1,1.79769e+308,1.79769e+308,4,1.79769e+308,1.79769e+308,1,1.79769e+308,1.79769e+308,1.79769e+308,1.79769e+308,1.79769e+308,1.79769e+308,1.79769e+308,1.79769e+308,1.79769e+308,
31
1.79769e+308,1.79769e+308,1.79769e+308,1.79769e+308,1.79769e+308,1.79769e+308,1.79769e+308,1.79769e+308,5,4,1.79769e+308,4,5,1.79769e+308,1.79769e+308,1.79769e+308,3,2,3,4,1.79769e+308,1.79769e+308,1.79769e+308,1.79769e+308,1,1.79769e+308,3,1.79769e+308,1.79769e+308,2,1,0,1,2,1.79769e+308,1.79769e+308,3,1.79769e+308,1.79769e+308,2,1.79769e+308,1.79769e+308,1.79769e+308,1.79769e+308,1.79769e+308,1.79769e+308,1.79769e+308,1.79769e+308,1.79769e+308,
30
1.79769e+308,1.79769e+308,1.79769e+308,1.79769e+308,1.79769e+308,1.79769e+308,1.79769e+308,1.79769e+308,6,5,1.79769e+308,5,6,1.79769e+308,1.79769e+308,1.79769e+308,4,3,4,5,1.79769e+308,1.79769e+308,1.79769e+308,1.79769e+308,2,1.79769e+308,4,1.79769e+308,1.79769e+308,1,0,1,2,3,1.79769e+308,1.79769e+308,2,1.79769e+308,1.79769e+308,3,1.79769e+308,1.79769e+308,1.79769e+308,1.79769e+308,1.79769e+308,1.79769e+308,1.79769e+308,1.79769e+308,1.79769e+308,
24
1.79769e+308,1.79769e+308,1.79769e+308,1.79769e+308,1.79769e+308,1.79769e+308,1.79769e+308,1.79769e+308,4,3,1.79769e+308,3,4,1.79769e+308,1.79769e+308,1.79769e+308,2,1,2,3,1.79769e+308,1.79769e+308,1.79769e+308,1.79769e+308,0,1.79769e+308,4,1.79769e+308,1.79769e+308,3,2,1,2,3,1.79769e+308,1.79769e+308,4,1.79769e+308,1.79769e+308,3,1.79769e+308,1.79769e+308,1.79769e+308,1.79769e+308,1.79769e+308,1.79769e+308,1.79769e+308,1.79769e+308,1.79769e+308,
36
1.79769e+308,1.79769e+308,1.79769e+308,1.79769e+308,1.79769e+308,1.79769e+308,1.79769e+308,1.79769e+308,8,7,1.79769e+308,7,8,1.79769e+308,1.79769e+308,1.79769e+308,6,5,6,7,1.79769e+308,1.79769e+308,1.79769e+308,1.79769e+308,4,1.79769e+308,6,1.79769e+308,1.79769e+308,1,2,3,4,5,1.79769e+308,1.79769e+308,0,1.79769e+308,1.79769e+308,5,1.79769e+308,1.79769e+308,1.79769e+308,1.79769e+308,1.79769e+308,1.79769e+308,1.79769e+308,1.79769e+308,1.79769e+308,
19
1.79769e+308,1.79769e+308,1.79769e+308,1.79769e+308,1.79769e+308,1.79769e+308,1.79769e+308,1.79769e+308,5,4,1.79769e+308,2,1,1.79769e+308,1.79769e+308,1.79769e+308,3,2,1,0,1.79769e+308,1.79769e+308,1.79769e+308,1.79769e+308,3,1.79769e+308,1,1.79769e+308,1.79769e+308,6,5,4,3,2,1.79769e+308,1.79769e+308,7,1.79769e+308,1.79769e+308,4,1.79769e+308,1.79769e+308,1.79769e+308,1.79769e+308,1.79769e+308,1.79769e+308,1.79769e+308,1.79769e+308,1.79769e+308,
18
1.79769e+308,1.79769e+308,1.79769e+308,1.79769e+308,1.79769e+308,1.79769e+308,1.79769e+308,1.79769e+308,4,3,1.79769e+308,1,2,1.79769e+308,1.79769e+308,1.79769e+308,2,1,0,1,1.79769e+308,1.79769e+308,1.79769e+308,1.79769e+308,2,1.79769e+308,2,1.79769e+308,1.79769e+308,5,4,3,4,3,1.79769e+308,1.79769e+308,6,1.79769e+308,1.79769e+308,5,1.79769e+308,1.79769e+308,1.79769e+308,1.79769e+308,1.79769e+308,1.79769e+308,1.79769e+308,1.79769e+308,1.79769e+308,
17
1.79769e+308,1.79769e+308,1.79769e+308,1.79769e+308,1.79769e+308,1.79769e+308,1.79769e+308,1.79769e+308,3,2,1.79769e+308,2,3,1.79769e+308,1.79769e+308,1.79769e+308,1,0,1,2,1.79769e+308,1.79769e+308,1.79769e+308,1.79769e+308,1,1.79769e+308,3,1.79769e+308,1.79769e+308,4,3,2,3,4,1.79769e+308,1.79769e+308,5,1.79769e+308,1.79769e+308,4,1.79769e+308,1.79769e+308,1.79769e+308,1.79769e+308,1.79769e+308,1.79769e+308,1.79769e+308,1.79769e+308,1.79769e+308,
33
1.79769e+308,1.79769e+308,1.79769e+308,1.79769e+308,1.79769e+308,1.79769e+308,1.79769e+308,1.79769e+308,7,6,1.79769e+308,4,3,1.79769e+308,1.79769e+308,1.79769e+308,5,4,3,2,1.79769e+308,1.79769e+308,1.79769e+308,1.79769e+308,3,1.79769e+308,1,1.79769e+308,1.79769e+308,4,3,2,1,0,1.79769e+308,1.79769e+308,5,1.79769e+308,1.79769e+308,2,1.79769e+308,1.79769e+308,1.79769e+308,1.79769e+308,1.79769e+308,1.79769e+308,1.79769e+308,1.79769e+308,1.79769e+308,
16
1.79769e+308,1.79769e+308,1.79769e+308,1.79769e+308,1.79769e+308,1.79769e+308,1.79769e+308,1.79769e+308,2,1,1.79769e+308,3,4,1.79769e+308,1.79769e+308,1.79769e+308,0,1,2,3,1.79769e+308,1.79769e+308,1.79769e+308,1.79769e+308,2,1.79769e+308,4,1.79769e+308,1.79769e+308,5,4,3,4,5,1.79769e+308,1.79769e+308,6,1.79769e+308,1.79769e+308,5,1.79769e+308,1.79769e+308,1.79769e+308,1.79769e+308,1.79769e+308,1.79769e+308,1.79769e+308,1.79769e+308,1.79769e+308,
29
1.79769e+308,1.79769e+308,1.79769e+308,1.79769e+308,1.79769e+308,1.79769e+308,1.79769e+308,1.79769e+308,7,6,1.79769e+308,6,7,1.79769e+308,1.79769e+308,1.79769e+308,5,4,5,6,1.79769e+308,1.79769e+308,1.79769e+308,1.79769e+308,3,1.79769e+308,5,1.79769e+308,1.79769e+308,0,1,2,3,4,1.79769e+308,1.79769e+308,1,1.79769e+308,1.79769e+308,4,1.79769e+308,1.79769e+308,1.79769e+308,1.79769e+308,1.79769e+308,1.79769e+308,1.79769e+308,1.79769e+308,1.79769e+308,
12
1.79769e+308,1.79769e+308,1.79769e+308,1.79769e+308,1.79769e+308,1.79769e+308,1.79769e+308,1.79769e+308,6,5,1.79769e+308,1,0,1.79769e+308,1.79769e+308,1.79769e+308,4,3,2,1,1.79769e+308,1.79769e+308,1.79769e+308,1.79769e+308,4,1.79769e+308,2,1.79769e+308,1.79769e+308,7,6,5,4,3,1.79769e+308,1.79769e+308,8,1.79769e+308,1.79769e+308,5,1.79769e+308,1.79769e+308,1.79769e+308,1.79769e+308,1.79769e+308,1.79769e+308,1.79769e+308,1.79769e+308,1.79769e+308,
11
1.79769e+308,1.79769e+308,1.79769e+308,1.79769e+308,1.79769e+308,1.79769e+308,1.79769e+308,1.79769e+308,5,4,1.79769e+308,0,1,1.79769e+308,1.79769e+308,1.79769e+308,3,2,1,2,1.79769e+308,1.79769e+308,1.79769e+308,1.79769e+308,3,1.79769e+308,3,1.79769e+308,1.79769e+308,6,5,4,5,4,1.79769e+308,1.79769e+308,7,1.79769e+308,1.79769e+308,6,1.79769e+308,1.79769e+308,1.79769e+308,1.79769e+308,1.79769e+308,1.79769e+308,1.79769e+308,1.79769e+308,1.79769e+308,
26
1.79769e+308,1.79769e+308,1.79769e+308,1.79769e+308,1.79769e+308,1.79769e+308,1.79769e+308,1.79769e+308,6,5,1.79769e+308,3,2,1.79769e+308,1.79769e+308,1.79769e+308,4,3,2,1,1.79769e+308,1.79769e+308,1.79769e+308,1.79769e+308,4,1.79769e+308,0,1.79769e+308,1.79769e+308,5,4,3,2,1,1.79769e+308,1.79769e+308,6,1.79769e+308,1.79769e+308,3,1.79769e+308,1.79769e+308,1.79769e+308,1.79769e+308,1.79769e+308,1.79769e+308,1.79769e+308,1.79769e+308,1.79769e+308,
9
1.79769e+308,1.79769e+308,1.79769e+308,1.79769e+308,1.79769e+308,1.79769e+308,1.79769e+308,1.79769e+308,1,0,1.79769e+308,4,5,1.79769e+308,1.79769e+308,1.79769e+308,1,2,3,4,1.79769e+308,1.79769e+308,1.79769e+308,1.79769e+308,3,1.79769e+308,5,1.79769e+308,1.79769e+308,6,5,4,5,6,1.79769e+308,1.79769e+308,7,1.79769e+308,1.79769e+308,6,1.79769e+308,1.79769e+308,1.79769e+308,1.79769e+308,1.79769e+308,1.79769e+308,1.79769e+308,1.79769e+308,1.79769e+308,
8
1.79769e+308,1.79769e+308,1.79769e+308,1.79769e+308,1.79769e+308,1.79769e+308,1.79769e+308,1.79769e+308,0,1,1.79769e+308,5,6,1.79769e+308,1.79769e+308,1.79769e+308,2,3,4,5,1.79769e+308,1.79769e+308,1.79769e+308,1.79769e+308,4,1.79769e+308,6,1.79769e+308,1.79769e+308,7,6,5,6,7,1.79769e+308,1.79769e+308,8,1.79769e+308,1.79769e+308,7,1.79769e+308,1.79769e+308,1.79769e+308,1.79769e+308,1.79769e+308,1.79769e+308,1.79769e+308,1.79769e+308,1.79769e+308,
